400 80
40 50
70 55
55 70
55 25
65 20
20 65
65 80
25 65
45 30
80 15
20 55
50 80
5 30
55 80
35 60
40 35
50 15
10 65
30 35
60 30
75 60
75 75
40 45
40 55
50 30
80 45
5 55
70 20
45 60
50 40
45 15
20 65
5 20
40 70
70 75
50 35
35 10
15 15
55 5
80 25
65 50
20 10
80 5
15 15
45 55
45 55
45 70
60 65
45 30
40 5
70 75
60 20
80 10
70 75
35 75
10 70
60 75
35 45
50 60
5 50
30 5
80 10
45 5
30 30
30 40
30 75
75 50
45 40
70 15
45 70
50 15
35 70
15 60
30 55
20 30
70 20
25 65
40 70
50 80
60 60
45 25
60 20
35 25
15 25
55 40
20 10
20 55
5 45
75 25
35 10
30 5
40 65
25 65
20 15
80 55
5 10
50 45
50 45
50 40
30 75
50 25
80 65
5 70
40 45
65 45
25 45
65 45
50 10
75 30
70 25
5 45
25 40
50 35
5 75
40 60
60 15
65 15
65 10
45 75
80 10
15 5
65 70
50 20
15 20
30 15
50 20
15 80
50 25
20 40
55 55
5 55
65 15
20 70
50 40
25 25
75 60
80 10
25 75
80 75
65 80
20 80
45 45
55 65
15 80
40 75
5 10
15 30
50 10
65 15
35 65
60 20
25 15
40 70
40 30
70 65
10 35
5 55
10 30
10 45
50 5
60 25
15 35
50 70
10 35
75 5
80 75
60 15
55 5
15 10
25 25
55 10
25 80
75 5
35 55
40 5
20 5
60 65
15 20
80 50
60 80
20 70
45 80
55 50
55 50
75 55
40 10
30 5
55 5
75 65
20 30
20 25
10 30
30 25
55 40
60 25
55 10
30 10
45 80
40 65
40 80
20 70
60 45
55 40
5 30
40 30
55 80
50 25
20 50
15 15
20 25
30 35
20 10
75 55
35 60
45 55
50 15
80 80
5 20
70 30
60 20
70 25
10 80
75 80
60 60
45 50
35 50
55 35
5 45
25 75
60 50
80 80
65 15
40 65
40 5
70 80
40 40
40 80
60 40
25 40
35 70
60 25
15 15
60 5
10 80
25 75
50 25
45 35
80 20
75 80
55 65
5 80
65 70
65 75
50 50
5 50
40 45
10 20
25 70
20 65
45 75
75 50
35 10
70 20
10 10
45 45
55 65
10 75
50 45
40 80
25 40
15 15
10 20
45 35
30 25
60 20
25 35
20 50
60 20
65 25
70 70
15 65
50 80
65 15
80 30
15 80
75 40
75 20
10 35
55 80
5 55
20 45
20 80
40 25
25 75
55 80
40 55
25 20
10 60
10 55
10 35
75 5
75 30
10 15
25 80
35 10
70 75
20 35
40 15
70 5
25 5
60 10
25 30
40 55
35 65
65 5
5 15
45 70
35 30
5 5
15 55
60 30
25 80
20 45
80 35
70 30
30 80
40 65
5 20
65 15
30 80
75 60
65 60
70 15
75 45
45 10
65 45
60 50
15 20
30 55
30 75
10 40
70 15
70 30
35 35
60 75
5 45
55 60
45 60
55 20
5 15
65 40
30 15
60 50
15 15
80 10
40 20
20 20
65 70
80 40
60 45
5 45
15 50
75 80
70 70
35 50
55 70
25 50
35 10
10 15
25 80
80 40
35 55
60 20
75 5
80 15
45 45
40 45
50 40
20 40
55 75
75 45
25 80
25 45
75 20
75 35
45 35
70 20
80 20
80 40
20 75
35 25
30 45
25 45
55 45
40 15
10 10
15 10
35 15
35 60
80 65
