200 40
40 10
30 15
15 30
15 25
25 20
20 25
25 40
25 25
5 30
40 15
20 15
10 40
5 30
15 40
35 20
40 35
10 15
10 25
30 35
20 30
35 20
35 35
40 5
40 15
10 30
40 5
5 15
30 20
5 20
10 40
5 15
20 25
5 20
40 30
30 35
10 35
35 10
15 15
15 5
40 25
25 10
20 10
40 5
15 15
5 15
5 15
5 30
20 25
5 30
40 5
30 35
20 20
40 10
30 35
35 35
10 30
20 35
35 5
10 20
5 10
30 5
40 10
5 5
30 30
30 40
30 35
35 10
5 40
30 15
5 30
10 15
35 30
15 20
30 15
20 30
30 20
25 25
40 30
10 40
20 20
5 25
20 20
35 25
15 25
15 40
20 10
20 15
5 5
35 25
35 10
30 5
40 25
25 25
20 15
40 15
5 10
10 5
10 5
10 40
30 35
10 25
40 25
5 30
40 5
25 5
25 5
25 5
10 10
35 30
30 25
5 5
25 40
10 35
5 35
40 20
20 15
25 15
25 10
5 35
40 10
15 5
25 30
10 20
15 20
30 15
10 20
15 40
10 25
20 40
15 15
5 15
25 15
20 30
10 40
25 25
35 20
40 10
25 35
40 35
25 40
20 40
5 5
15 25
15 40
40 35
5 10
15 30
10 10
25 15
35 25
20 20
25 15
40 30
40 30
30 25
10 35
5 15
10 30
10 5
10 5
20 25
15 35
10 30
10 35
35 5
40 35
20 15
15 5
15 10
25 25
15 10
25 40
35 5
35 15
40 5
20 5
20 25
15 20
40 10
20 40
20 30
5 40
15 10
15 10
35 15
40 10
30 5
15 5
35 25
20 30
20 25
10 30
30 25
15 40
20 25
15 10
30 10
5 40
40 25
40 40
