400 160
40 130
70 55
55 150
135 105
65 100
100 65
65 80
105 65
45 110
160 15
20 55
130 160
85 30
55 160
35 60
40 35
130 15
90 65
30 35
140 30
155 60
155 155
40 125
120 135
130 30
160 45
85 55
150 20
125 140
130 40
125 15
20 145
85 20
40 150
150 155
130 115
115 10
95 15
135 5
80 25
65 50
100 10
160 5
95 95
125 55
45 135
45 70
140 145
125 30
40 85
150 155
140 100
80 90
70 75
115 155
90 70
140 155
35 45
50 60
85 50
30 5
160 90
125 5
110 110
110 40
30 75
155 130
125 40
70 15
45 70
130 95
115 150
15 60
30 135
20 110
150 20
25 65
40 70
130 160
140 60
45 25
140 100
35 25
95 25
135 120
20 10
20 55
5 125
75 105
35 90
110 5
120 145
105 145
100 95
80 135
5 90
50 45
130 125
50 120
30 155
50 25
160 65
5 70
40 125
65 125
105 125
145 45
50 10
75 110
70 105
5 125
25 40
130 115
85 75
120 60
140 15
145 95
145 10
45 75
160 10
15 5
65 150
50 100
95 20
110 15
130 20
95 80
50 105
100 40
135 135
5 135
145 95
100 70
130 120
25 25
155 140
160 10
105 75
80 155
145 160
20 160
125 45
135 145
95 160
40 155
5 90
15 110
130 10
65 15
35 65
60 20
105 15
120 150
120 30
70 65
90 35
85 135
10 110
90 45
50 5
140 105
15 35
130 70
10 115
155 5
160 155
60 95
135 5
15 10
105 25
55 90
25 80
155 85
115 55
120 5
20 5
60 145
95 20
80 50
60 160
100 70
125 80
55 130
135 50
155 55
40 90
110 5
55 5
75 65
20 110
100 25
90 110
30 25
55 120
60 25
55 90
30 90
45 160
40 65
120 80
20 150
140 45
55 40
5 30
40 110
135 160
130 25
20 50
95 95
100 105
30 115
100 90
75 135
115 60
125 135
50 15
160 80
85 100
150 110
60 20
150 105
10 80
75 160
60 60
125 130
35 50
55 115
85 45
105 75
60 50
160 80
65 15
40 65
40 85
70 80
120 120
120 80
140 40
105 40
115 150
60 25
95 15
60 5
90 80
105 155
50 25
45 115
80 100
75 160
135 145
85 80
145 150
65 155
130 130
5 130
40 45
90 100
105 70
100 145
45 75
155 130
35 10
70 20
90 90
45 45
135 145
10 75
130 125
40 80
25 40
95 95
90 20
45 115
110 25
140 20
25 35
20 130
140 100
65 25
70 70
15 65
50 80
145 95
80 30
15 80
75 40
155 20
10 115
55 160
5 135
100 45
100 160
40 105
25 155
135 160
120 135
105 20
10 60
90 135
90 35
155 85
155 30
10 15
25 160
35 10
150 75
100 115
120 15
150 85
105 5
140 10
105 30
40 55
35 145
65 5
85 15
45 70
115 110
5 85
95 55
60 30
105 80
100 45
160 115
150 30
30 80
120 65
5 100
65 95
30 160
155 60
145 140
70 15
75 45
45 90
145 125
140 130
95 20
30 135
110 75
90 120
150 95
70 30
35 35
140 75
5 45
135 60
45 140
135 20
5 15
65 120
30 15
140 50
15 95
80 90
120 100
100 20
65 150
80 40
140 125
85 45
15 130
155 80
70 70
115 130
55 70
25 130
115 90
10 15
25 80
80 120
115 55
60 20
155 85
160 15
45 45
120 45
50 120
20 120
135 155
75 125
25 80
105 45
155 20
75 115
125 115
70 20
160 100
160 40
20 75
35 105
110 125
105 45
55 125
120 15
10 90
95 90
115 15
115 140
80 65
