800 320
40 130
70 55
215 310
295 105
65 260
100 65
225 80
265 65
205 110
160 15
180 55
130 160
85 190
215 160
35 220
200 35
290 175
250 225
30 35
140 190
155 220
315 315
40 285
120 135
290 30
320 45
85 55
150 20
125 140
290 40
125 15
180 305
245 180
200 310
150 315
130 115
115 10
255 15
295 165
240 185
225 50
100 170
160 165
95 255
285 215
205 295
45 70
140 305
125 190
40 245
310 155
140 260
240 250
70 75
275 315
250 230
140 315
35 205
210 60
85 210
190 5
320 250
285 5
270 270
110 200
190 235
155 290
285 200
70 15
45 70
130 95
275 150
15 220
190 295
20 110
310 20
185 225
40 230
130 320
300 220
45 25
140 100
35 25
95 25
135 120
20 170
180 55
5 285
75 265
195 90
110 165
120 305
105 145
260 95
80 135
5 90
50 45
130 125
210 280
190 315
210 25
160 225
165 230
40 285
65 285
265 125
145 205
50 170
75 270
230 105
165 285
25 40
290 115
85 75
280 60
140 175
145 255
305 170
205 75
320 170
175 5
65 150
210 100
95 20
110 15
290 20
95 240
50 265
260 40
295 135
5 135
305 255
260 70
130 120
185 25
315 300
160 10
105 235
80 155
145 320
20 160
125 45
135 145
95 320
200 315
165 90
15 270
290 170
225 15
195 225
220 180
265 15
120 310
120 190
230 225
90 35
245 135
10 270
250 45
210 5
140 105
15 35
290 230
170 275
315 165
160 155
220 255
295 5
15 170
265 185
215 90
25 240
315 245
115 55
120 5
180 5
220 305
95 20
240 50
220 160
100 70
125 80
215 290
135 210
155 55
200 250
270 5
55 165
235 225
20 270
100 25
90 270
190 185
55 120
220 25
55 90
190 90
45 160
40 65
120 80
180 150
300 205
55 40
165 30
40 270
135 160
290 25
180 50
255 95
100 265
190 115
260 250
75 295
275 60
125 135
50 175
320 80
85 260
310 270
60 180
310 105
170 240
235 160
60 60
285 290
35 50
55 115
245 45
265 235
220 50
320 240
225 175
40 65
40 245
230 240
280 120
120 240
140 200
105 40
115 150
60 185
95 15
220 5
250 80
265 155
50 25
45 115
80 260
235 160
135 305
245 240
305 310
225 315
130 290
5 290
40 205
250 260
265 230
100 305
205 235
155 290
195 170
70 180
90 90
205 205
135 305
10 75
130 125
40 80
25 200
95 95
250 20
45 275
270 185
300 180
25 35
20 290
300 100
225 185
70 230
175 225
210 80
305 95
80 190
175 240
235 40
155 180
170 115
215 160
165 295
100 205
100 320
200 105
185 315
295 320
120 135
265 180
170 220
250 135
90 195
315 85
315 190
10 175
25 320
195 10
310 235
100 275
120 15
150 245
105 5
140 10
105 30
40 215
195 305
225 165
85 175
45 70
115 270
5 245
95 215
60 190
105 240
260 45
160 115
310 30
30 240
120 225
165 100
225 95
30 320
315 60
145 140
230 175
75 205
45 90
145 125
300 290
255 20
30 135
270 75
250 280
310 95
70 30
195 195
140 235
165 205
295 60
205 140
295 20
165 175
225 120
190 175
300 210
175 255
240 90
120 100
260 180
65 310
80 200
300 125
245 45
15 290
155 80
70 70
275 130
55 70
25 290
115 90
10 15
25 80
240 280
275 55
60 20
155 245
320 15
45 45
280 205
210 280
20 120
135 315
75 125
185 80
265 205
155 180
75 115
125 115
230 180
320 100
320 200
20 75
35 265
270 285
265 205
215 285
120 175
170 90
95 250
115 175
115 300
240 65
35 35
145 40
140 225
170 275
220 305
135 150
245 5
295 130
40 210
40 245
135 90
40 20
100 25
155 280
110 250
270 20
220 270
315 130
200 135
130 295
170 315
65 290
85 100
200 55
50 310
150 135
205 265
205 280
295 10
90 230
110 225
85 250
45 210
150 120
300 285
30 85
95 250
50 285
260 185
285 30
310 170
245 170
50 50
270 115
55 145
300 165
280 165
265 245
65 30
240 220
60 65
220 60
250 205
190 45
245 260
110 275
10 130
295 110
210 85
20 15
190 230
300 180
125 120
290 200
185 40
245 115
90 60
80 95
40 280
110 150
95 165
60 35
145 30
215 150
295 160
50 5
135 305
125 160
160 125
200 225
270 305
30 230
185 90
170 115
30 185
55 80
215 60
160 45
290 70
15 245
85 10
160 285
65 315
320 80
50 235
110 165
75 145
60 200
275 110
25 115
55 125
40 165
15 145
270 210
170 165
35 140
295 15
130 105
125 50
295 185
280 100
150 140
100 305
265 320
5 225
135 5
220 285
225 290
65 205
85 230
185 50
15 315
275 40
305 55
20 305
135 290
245 100
80 90
255 230
240 145
300 60
165 190
155 15
120 30
315 155
125 265
75 100
205 100
50 130
10 25
55 225
165 30
270 255
85 105
295 110
40 150
195 200
320 190
130 230
255 90
5 205
260 50
190 70
15 280
160 300
95 175
110 215
270 130
175 85
15 280
125 240
240 110
90 180
245 100
130 125
25 105
160 110
220 150
85 245
130 320
25 165
190 200
140 180
175 150
115 125
285 90
195 280
40 155
135 5
155 210
290 115
120 10
110 110
160 95
145 165
200 205
305 5
215 135
140 60
275 40
275 125
100 270
235 30
265 190
260 10
155 220
140 285
40 130
65 25
155 210
170 100
40 150
255 300
185 175
160 140
30 140
105 30
10 255
55 175
220 220
150 35
95 285
260 5
285 235
170 35
135 45
285 50
90 85
170 60
5 295
45 100
95 35
215 135
115 250
205 25
80 200
10 145
225 145
315 225
15 20
285 235
315 165
320 225
40 100
20 80
75 300
5 20
95 40
80 105
30 155
210 140
250 10
220 310
115 290
225 210
85 230
35 185
230 10
75 315
240 155
215 235
100 235
60 315
240 195
320 210
30 115
295 150
110 65
315 130
230 125
185 210
230 295
210 30
165 190
110 40
280 95
140 205
205 215
10 300
310 85
165 50
100 285
300 200
300 295
90 280
280 30
245 135
200 35
230 205
210 235
280 200
145 305
235 185
130 310
315 255
70 70
165 135
95 240
70 95
5 315
170 245
230 270
275 5
5 300
235 285
30 10
175 250
135 140
170 305
215 200
80 195
215 40
75 40
115 95
25 180
10 140
35 145
105 100
90 30
225 190
265 5
70 20
250 275
135 230
260 315
100 320
315 260
80 15
190 165
145 70
180 200
150 130
190 195
255 255
180 60
210 310
210 210
135 100
280 120
135 105
315 65
105 145
115 125
40 70
250 175
285 280
140 200
265 45
95 275
200 175
220 245
35 160
45 255
260 45
250 50
240 30
235 305
20 305
15 255
245 255
235 260
270 295
85 210
150 55
260 230
280 45
225 270
180 130
300 265
70 200
5 225
165 145
95 40
70 95
90 245
85 180
85 185
10 295
275 150
310 30
130 135
140 55
20 255
15 320
35 285
70 170
300 310
195 50
10 310
25 290
150 140
110 220
60 25
255 155
15 50
75 310
130 240
250 60
125 165
10 140
155 135
85 95
50 270
195 25
265 215
5 140
240 305
5 80
250 155
125 75
